Foo 1 14 76 46 54
Foo 22 5 68 68 94
Foo 39 52 84 4 6
Foo 53 68 1 39 7
Foo 42 69 59 94 85
Foo 53 10 66 42 71
Foo 92 77 27 5 74
Foo 33 64 76 100 37
Foo 25 99 73 76 66
Foo 8 64 89 28 44
Foo 77 48 24 28 36
Foo 17 49 90 91 7
Foo 91 51 52 32 99
Foo 50 27 10 95 8
Foo 51 39 28 92 53
Foo 47 95 6 77 78
Foo 83 13 2 69 87
Foo 63 74 73 100 89
Foo 24 31 36 52 60
Foo 85 42 85 27 42
Foo 54 47 29 18 16
Foo 58 81 4 54 50
Foo 96 75 56 90 63
Foo 85 16 22 72 14
Foo 10 28 1 42 3
Foo 71 94 24 19 32
Foo 89 66 16 69 39
Foo 39 50 15 59 85
Foo 60 96 56 15 99
Foo 41 15 57 26 49
Foo 47 97 13 20 32
Foo 63 13 66 63 81
Foo 25 48 39 21 3
Foo 91 43 15 95 42
Foo 14 89 10 17 8
Foo 37 26 14 79 46
Foo 35 46 81 94 66
Foo 22 68 91 26 87
Foo 48 51 61 82 76
Foo 47 96 64 44 83
Foo 69 71 99 96 86
Foo 29 54 52 11 42
Foo 58 88 45 73 87
Foo 72 81 71 75 2
Foo 89 53 47 7 72
Foo 49 67 69 20 92
Foo 87 90 55 14 46
Foo 99 22 45 32 52
Foo 89 44 47 81 37
Foo 22 100 16 64 62
Foo 1 1 78 73 32
Foo 42 69 69 21 84
Foo 71 83 10 9 77
Foo 63 22 22 9 39
Foo 96 95 39 27 70
Foo 29 78 79 43 29
Foo 20 2 20 99 25
Foo 82 14 40 61 18
Foo 83 16 99 26 24
Foo 11 22 64 70 80
Foo 70 76 67 64 6
Foo 60 23 32 70 12
Foo 77 53 56 59 33
Foo 71 15 17 49 87
Foo 82 56 74 32 14
Foo 53 32 59 52 44
Foo 26 38 40 45 48
Foo 39 28 8 37 26
Foo 68 68 52 73 73
Foo 95 47 95 33 47
Foo 52 67 41 61 99
Foo 16 68 35 55 53
Foo 83 2 28 65 55
Foo 92 27 98 25 85
Foo 70 46 82 3 17
Foo 71 71 44 59 76
Foo 100 70 28 76 18
Foo 1 50 8 17 91
Foo 79 75 44 1 59
Foo 52 7 55 39 22
Foo 39 63 66 71 54
Foo 29 82 38 69 32
Foo 1 11 53 78 23
Foo 6 8 17 73 30
Foo 6 48 46 52 45
Foo 16 29 84 70 58
Foo 69 34 6 99 55
Foo 1 86 3 38 49
Foo 58 74 68 54 4
Foo 13 98 19 36 62
Foo 61 13 56 96 36
Foo 84 98 26 26 43
Foo 82 90 25 77 70
Foo 46 27 67 12 21
Foo 12 55 1 18 60
Foo 44 9 69 38 84
Foo 13 98 3 9 50
Foo 77 94 26 36 77
Foo 50 75 68 69 76
Foo 4 24 23 57 66
Foo 62 38 23 24 66
Foo 17 75 16 5 67
Foo 13 95 49 63 92
Foo 2 60 73 50 6
Foo 45 52 78 7 45
Foo 98 47 33 45 75
Foo 21 18 38 94 97
Foo 26 8 13 53 17
Foo 52 11 85 37 43
Foo 33 72 58 88 76
Foo 84 70 39 94 61
Foo 37 54 46 41 25
Foo 9 43 48 29 11
Foo 22 81 53 67 87
Foo 25 72 27 39 9
Foo 46 24 80 50 1
Foo 27 67 43 19 97
Foo 14 80 95 18 61
Foo 7 35 30 51 83
Foo 84 73 33 81 64
Foo 5 5 16 77 7
Foo 52 93 23 21 9
Foo 70 71 50 27 72
Foo 38 21 24 44 47
Foo 87 98 45 4 53
Foo 4 76 60 83 33
Foo 24 54 44 41 99
Foo 97 86 87 32 15
Foo 100 64 47 94 70
Foo 82 55 58 16 95
Foo 83 16 5 35 12
Foo 10 52 3 57 86
Foo 52 68 74 70 3
Foo 20 68 35 7 15
Foo 93 23 39 59 17
Foo 3 70 77 72 8
Foo 59 93 93 44 51
Foo 84 92 61 73 52
Foo 50 17 98 58 28
Foo 54 70 67 10 55
Foo 62 67 50 58 59
Foo 45 16 51 74 4
Foo 6 53 33 4 25
Foo 11 39 56 60 62
Foo 94 78 52 49 66
Foo 70 41 49 48 72
Foo 54 28 61 29 71
Foo 54 94 24 42 60
Foo 79 93 69 83 53
Foo 24 15 90 26 66
Foo 1 94 28 86 28
Foo 96 51 13 42 71
Foo 44 11 77 10 45
Foo 35 30 76 34 34
Foo 6 58 49 21 12
Foo 98 87 50 37 81
Foo 17 16 6 15 47
Foo 39 89 43 42 66
Foo 31 7 82 90 92
Foo 91 78 18 58 4
Foo 81 53 87 28 87
Foo 59 39 82 53 94
Foo 43 58 75 89 34
Foo 19 75 72 88 8
Foo 72 88 36 9 17
Foo 42 10 68 57 82
Foo 88 77 64 90 88
Foo 49 12 38 39 69
Foo 13 8 15 48 71
Foo 24 40 98 63 69
Foo 91 37 86 80 43
Foo 8 50 49 46 50
Foo 75 94 31 15 12
Foo 9 98 41 24 97
Foo 84 20 13 20 34
Foo 58 45 59 44 37
Foo 39 61 43 15 68
Foo 100 70 41 85 82
Foo 80 38 1 48 64
Foo 65 65 80 38 36
Foo 39 34 70 15 30
Foo 67 86 32 15 61
Foo 1 93 39 52 35
Foo 27 30 84 13 64
Foo 5 46 38 16 76
Foo 67 2 80 57 29
Foo 42 33 52 72 85
Foo 24 47 38 6 8
Foo 21 57 84 43 84
Foo 30 19 36 94 59
Foo 37 47 63 95 41
Foo 6 45 60 75 87
Foo 14 11 67 84 59
Foo 66 99 2 93 20
Foo 97 53 28 72 60
Foo 84 84 66 74 65
Foo 35 54 67 33 87
Foo 45 92 28 96 12
Foo 42 84 97 34 53
Foo 54 82 93 67 25
Foo 95 60 13 25 89
Foo 20 17 84 61 63
Foo 84 68 40 88 67
Foo 12 1 68 63 46
Foo 58 4 36 86 38
Foo 67 58 6 75 28
Foo 45 18 10 90 100
Foo 60 4 70 49 57
Foo 90 44 69 21 49
Foo 28 95 25 96 48
Foo 13 97 86 22 1
Foo 79 6 97 65 58
Foo 14 13 83 51 66
Foo 51 53 12 91 67
Foo 28 39 40 84 25
Foo 13 73 65 21 85
Foo 3 11 19 37 78
Foo 72 67 59 36 16
Foo 30 17 23 68 41
Foo 89 58 35 44 70
Foo 84 80 85 29 27
Foo 17 54 8 100 76
Foo 13 17 43 78 22
Foo 44 4 93 11 27
Foo 49 80 26 22 29
Foo 39 21 93 77 62
Foo 58 36 91 20 12
Foo 80 70 2 75 12
Foo 90 66 35 39 22
Foo 34 2 92 79 40
Foo 73 84 88 13 35
Foo 95 37 36 9 58
Foo 78 85 50 82 65
Foo 44 36 35 29 92
Foo 63 75 16 78 26
Foo 62 86 32 61 13
Foo 38 14 27 13 21
Foo 76 8 46 97 24
Foo 20 69 9 86 16
Foo 13 81 95 5 7
Foo 83 15 81 23 40
Foo 60 66 6 99 82
Foo 42 4 11 98 87
Foo 68 84 24 72 59
Foo 23 23 1 45 41
Foo 94 3 52 38 86
Foo 80 61 34 63 66
Foo 65 26 3 99 21
Foo 65 57 38 13 45
Foo 14 59 55 49 89
Foo 9 37 11 30 85
Foo 92 83 98 82 80
Foo 84 45 65 70 82
Foo 47 20 41 94 47
Foo 38 52 23 90 99
Foo 14 46 69 28 41
Foo 74 4 31 20 82
Foo 28 72 41 79 73
Foo 58 64 80 1 63
Foo 35 48 50 53 32
Foo 86 14 40 39 85
Foo 6 46 77 30 97
Foo 100 100 75 35 80
Foo 20 61 55 26 21
Foo 58 52 75 61 99
Foo 80 56 15 11 53
Foo 25 58 34 68 7
Foo 85 88 34 15 75
Foo 67 41 59 56 50
Foo 62 93 62 26 4
Foo 63 35 3 18 62
Foo 43 57 74 38 37
Foo 38 9 59 42 12
Foo 33 69 57 88 54
Foo 98 7 48 12 100
Foo 55 70 13 48 6
Foo 45 92 44 86 100
Foo 55 13 85 20 67
Foo 66 98 46 16 14
Foo 29 98 60 86 7
Foo 93 95 47 29 47
Foo 44 87 20 39 76
Foo 82 68 73 69 32
Foo 17 69 93 17 1
Foo 18 18 20 67 68
Foo 52 33 47 33 10
Foo 88 45 15 66 95
Foo 89 67 21 18 2
Foo 17 11 37 57 97
Foo 25 3 4 89 89
Foo 92 55 18 49 82
Foo 94 59 55 48 76
Foo 34 18 52 39 83
Foo 97 1 31 46 90
Foo 85 26 74 84 43
Foo 71 41 53 53 10
Foo 41 79 27 31 19
Foo 76 63 65 33 16
Foo 19 46 54 17 93
Foo 41 4 17 57 99
Foo 15 34 31 36 17
Foo 33 38 65 61 4
Foo 34 8 55 50 29
Foo 26 44 66 33 1
Foo 98 11 32 96 35
Foo 17 99 12 5 97
Foo 79 23 11 26 44
Foo 25 29 55 89 86
Foo 68 56 76 91 86
Foo 76 24 100 27 38
Foo 30 75 100 77 43
Foo 65 47 11 19 87
Foo 51 94 90 30 63
Foo 98 55 84 6 19
Foo 98 77 87 4 52
Foo 38 97 20 23 60
Foo 90 55 9 78 78
Foo 71 6 89 8 100
Foo 27 50 69 75 95
Foo 69 92 18 82 29
Foo 49 92 71 40 17
Foo 91 22 55 38 27
Foo 81 24 66 34 53
Foo 46 61 67 3 82
Foo 38 55 97 75 80
Foo 76 46 41 25 71
Foo 22 67 41 28 35
Foo 31 69 96 78 91
Foo 3 98 6 41 17
Foo 80 2 61 93 11
Foo 55 8 56 39 49
Foo 40 41 56 95 70
Foo 59 2 29 39 75
Foo 57 56 27 12 17
Foo 36 81 27 20 42
Foo 65 53 8 47 38
Foo 10 50 14 22 44
Foo 36 100 90 35 44
Foo 81 99 31 58 56
Foo 15 51 50 73 9
Foo 22 18 39 38 27
Foo 17 86 25 90 80
Foo 97 26 29 55 72
Foo 52 49 36 86 42
Foo 3 92 96 57 100
Foo 41 59 81 41 5
Foo 55 14 58 97 69
Foo 21 57 84 30 31
Foo 98 99 59 34 53
Foo 9 81 69 60 21
Foo 21 17 29 20 80
Foo 88 79 10 17 25
Foo 77 52 40 87 34
Foo 60 79 99 96 83
Foo 78 69 85 63 77
Foo 40 59 43 81 48
Foo 70 82 56 30 59
Foo 48 90 43 26 47
Foo 1 66 10 57 68
Foo 67 75 66 99 28
Foo 79 1 9 6 93
Foo 22 79 26 29 74
Foo 30 48 91 93 90
Foo 26 76 69 47 48
Foo 21 51 90 84 96
Foo 98 92 15 27 40
Foo 78 78 78 46 42
Foo 64 65 75 83 28
Foo 79 19 12 79 100
Foo 8 43 85 64 95
Foo 44 95 80 38 25
Foo 83 5 23 10 87
Foo 5 96 83 87 52
Foo 76 100 42 22 41
Foo 11 37 10 21 39
Foo 83 90 97 82 42
Foo 82 73 46 42 60
Foo 61 67 99 74 1
Foo 63 14 90 68 33
Foo 24 46 69 26 15
Foo 71 60 70 8 88
Foo 21 22 74 79 96
Foo 72 75 20 22 3
Foo 84 77 22 43 28
Foo 68 84 6 63 64
Foo 46 11 73 2 42
Foo 54 11 65 44 3
Foo 25 33 64 38 55
Foo 77 8 77 5 19
Foo 48 84 34 37 86
Foo 79 28 82 71 90
Foo 88 42 19 56 54
Foo 36 73 98 24 15
Foo 24 81 83 41 87
Foo 61 4 76 49 98
Foo 36 73 17 88 32
Foo 68 16 29 91 3
Foo 60 95 83 57 22
Foo 4 59 65 16 7
Foo 31 58 37 22 4
Foo 76 7 28 78 38
Foo 31 36 97 63 70
Foo 35 16 52 57 70
Foo 69 81 46 74 17
Foo 33 2 45 81 94
Foo 57 57 58 99 73
Foo 12 52 45 48 55
Foo 59 15 73 53 35
Foo 59 4 91 76 51
Foo 41 47 17 70 4
Foo 70 18 26 95 75
Foo 83 29 34 66 84
Foo 43 45 44 6 39
Foo 65 52 21 74 69
Foo 52 37 51 13 42
Foo 82 3 55 12 74
Foo 64 55 52 71 52
Foo 73 98 71 95 39
Foo 64 19 49 31 69
Foo 71 85 50 81 18
Foo 45 24 3 53 88
Foo 34 46 68 19 60
Foo 36 83 43 6 85
Foo 14 93 86 83 3
Foo 98 28 74 10 83
Foo 79 2 80 61 2
Foo 55 63 3 32 58
Foo 33 66 82 74 74
Foo 69 13 76 32 1
Foo 11 57 89 22 62
Foo 25 88 9 38 60
Foo 81 39 65 80 7
Foo 99 60 97 34 87
Foo 26 48 16 88 72
Foo 4 8 80 19 5
Foo 24 69 20 66 35
Foo 28 32 3 99 23
Foo 67 23 93 7 79
Foo 29 66 39 19 75
Foo 26 54 3 29 49
Foo 94 97 59 89 35
Foo 87 1 20 32 23
Foo 52 82 23 55 20
Foo 19 65 90 50 28
Foo 14 36 19 70 9
Foo 5 37 25 30 58
Foo 39 36 87 29 92
Foo 33 75 67 80 94
Foo 52 80 81 31 58
Foo 33 11 6 70 20
Foo 44 52 33 55 99
Foo 62 1 99 53 65
Foo 63 20 29 18 45
Foo 93 15 40 88 20
Foo 76 81 87 83 33
Foo 58 61 9 81 11
Foo 42 75 33 66 51
Foo 51 90 18 46 27
Foo 41 46 96 96 49
Foo 18 69 52 91 60
Foo 41 75 99 35 39
Foo 97 83 10 14 11
Foo 79 80 79 39 36
Foo 14 25 10 3 13
Foo 71 72 9 58 94
Foo 59 59 100 58 7
Foo 28 38 26 24 82
Foo 99 28 14 5 65
Foo 58 66 54 36 92
Foo 88 8 18 86 49
Foo 96 10 60 13 44
Foo 13 40 14 67 43
Foo 68 26 48 57 79
Foo 19 24 16 64 61
Foo 49 10 4 35 79
Foo 92 42 94 27 25
Foo 41 81 15 59 60
Foo 82 69 52 83 66
Foo 56 39 76 20 13
Foo 56 58 71 61 27
Foo 78 12 39 6 13
Foo 5 17 80 35 29
Foo 85 23 14 51 27
Foo 30 29 12 52 15
Foo 99 83 91 69 31
Foo 23 67 17 20 70
Foo 12 9 4 13 19
Foo 24 85 86 30 37
Foo 48 21 67 69 5
Foo 77 23 2 89 24
Foo 72 19 7 88 65
Foo 6 58 94 94 89
Foo 36 33 55 18 97
Foo 17 72 99 17 65
Foo 67 94 8 78 20
Foo 45 50 14 50 35
Foo 39 37 63 73 94
Foo 78 1 87 51 43
Foo 40 66 54 63 39
Foo 48 94 77 77 27
Foo 78 9 67 57 91
Foo 31 6 15 48 72
Foo 1 76 63 7 62
Foo 70 50 100 77 59
Foo 78 3 31 47 97
Foo 42 16 22 37 84
Foo 60 19 58 82 6
Foo 47 78 40 44 33
Foo 30 92 31 52 62
Foo 16 26 95 99 51
Foo 91 50 1 28 100
Foo 91 3 5 6 91
Foo 16 54 94 31 30
Foo 37 10 97 45 66
Foo 45 59 95 52 51
Foo 38 69 54 42 5
Foo 81 11 96 59 69
Foo 65 11 82 7 64
Foo 53 17 38 75 66
Foo 68 12 74 60 94
Foo 22 7 58 37 97
Foo 18 82 27 91 57
Foo 5 49 100 70 12
Foo 82 49 1 20 8
Foo 42 1 11 98 43
Foo 60 92 32 4 81
Foo 62 23 41 27 47
Foo 21 38 65 99 59
Foo 25 43 70 22 27
Foo 96 3 36 48 14
Foo 69 23 28 14 57
Foo 69 72 72 79 26
Foo 40 100 16 20 12
Foo 16 84 7 28 62
Foo 59 36 96 36 50
Foo 15 27 53 58 87
Foo 31 96 2 87 23
Foo 91 26 96 25 91
Foo 12 37 52 2 42
Foo 33 29 59 83 94
Foo 94 88 11 92 52
Foo 86 14 14 64 15
Foo 71 63 88 87 27
Foo 62 3 53 96 37
Foo 94 55 97 30 73
Foo 58 46 19 18 78
Foo 56 55 34 3 49
Foo 77 98 49 84 79
Foo 14 3 37 86 37
Foo 74 65 34 35 24
Foo 14 82 35 11 91
Foo 20 53 24 52 21
Foo 19 7 51 99 51
Foo 53 36 37 33 28
Foo 62 46 100 50 88
Foo 94 83 45 4 28
Foo 71 16 96 87 62
Foo 94 82 92 95 4
Foo 39 18 28 29 29
Foo 55 24 1 14 4
Foo 11 62 20 16 16
Foo 62 55 39 60 46
Foo 69 73 31 15 90
Foo 11 64 97 61 14
Foo 63 13 93 90 3
Foo 61 69 4 61 24
Foo 81 17 30 7 17
Foo 49 82 69 50 15
Foo 53 91 44 24 48
Foo 25 82 22 29 66
Foo 21 23 32 10 37
Foo 1 88 87 20 70
Foo 50 26 52 95 11
Foo 29 57 20 12 91
Foo 86 62 1 83 23
Foo 2 86 90 65 65
Foo 1 87 24 10 25
Foo 87 45 52 60 49
Foo 76 1 27 17 87
Foo 56 83 98 51 70
Foo 62 69 3 28 19
Foo 43 100 24 14 43
Foo 20 11 35 44 69
Foo 47 32 64 39 76
Foo 48 43 65 57 7
Foo 44 47 61 62 48
Foo 98 24 16 52 44
Foo 98 100 43 82 67
Foo 54 20 31 79 94
Foo 20 4 15 31 74
Foo 34 49 99 77 45
Foo 3 66 66 17 11
Foo 25 78 53 45 53
Foo 16 66 60 15 84
Foo 92 61 71 20 7
Foo 49 38 71 85 41
Foo 26 91 24 18 77
Foo 93 82 56 55 49
Foo 5 54 79 60 92
Foo 16 4 72 52 41
Foo 6 2 7 6 12
Foo 98 39 25 2 37
Foo 42 83 95 32 55
Foo 34 90 65 54 37
Foo 23 16 92 5 23
Foo 61 23 57 19 42
Foo 19 64 79 70 4
Foo 25 54 84 47 65
Foo 97 73 91 34 58
Foo 97 97 60 65 3
Foo 50 56 75 30 39
Foo 50 45 31 93 1
Foo 32 76 99 43 10
Foo 1 87 46 48 44
Foo 35 68 2 56 32
Foo 41 79 50 54 30
Foo 56 87 38 34 16
Foo 87 99 12 28 2
Foo 58 88 62 10 81
Foo 91 98 76 21 85
Foo 18 100 67 35 78
Foo 24 56 55 32 9
Foo 56 20 40 93 14
Foo 50 10 37 58 76
Foo 38 69 11 45 93
Foo 56 93 73 67 70
Foo 3 79 26 86 14
Foo 80 13 47 76 51
Foo 1 52 61 2 29
Foo 44 19 94 93 78
Foo 44 50 8 9 63
Foo 95 4 71 44 51
Foo 41 8 27 37 25
Foo 38 88 18 49 10
Foo 8 96 27 39 20
Foo 62 99 20 58 46
Foo 17 37 1 77 35
Foo 10 47 70 97 23
Foo 65 18 91 82 85
Foo 25 2 57 46 27
Foo 52 45 90 6 38
Foo 92 53 64 4 98
Foo 7 36 55 85 45
Foo 97 46 86 2 87
Foo 85 1 11 36 1
Foo 63 66 75 64 26
Foo 60 49 5 15 76
Foo 50 91 30 88 97
Foo 12 58 14 72 46
Foo 78 88 74 71 42
Foo 83 82 85 53 41
Foo 59 45 74 74 28
Foo 96 75 69 43 42
Foo 85 4 12 90 69
Foo 42 29 87 25 71
Foo 67 43 2 62 49
Foo 33 13 52 41 43
Foo 49 80 34 86 6
Foo 1 41 56 61 83
Foo 43 37 43 80 10
Foo 49 48 48 57 2
Foo 9 33 39 25 64
Foo 95 20 44 6 62
Foo 60 87 89 80 82
Foo 6 80 9 15 41
Foo 22 8 32 78 61
Foo 24 98 56 89 57
Foo 77 64 23 23 42
Foo 50 11 75 44 93
Foo 79 12 78 83 5
Foo 96 82 18 57 13
Foo 8 54 27 15 58
Foo 98 65 8 92 15
Foo 77 87 51 42 96
Foo 14 78 80 96 16
Foo 56 27 92 77 42
Foo 10 46 43 74 65
Foo 80 67 63 30 56
Foo 99 69 24 75 1
Foo 60 38 83 19 21
Foo 67 91 62 31 72
Foo 33 78 47 13 15
Foo 21 83 86 28 79
Foo 88 69 79 75 24
Foo 78 57 78 93 99
Foo 98 92 82 70 87
Foo 42 92 4 63 50
Foo 84 27 57 51 79
Foo 1 53 29 63 81
Foo 7 81 42 55 67
Foo 51 36 95 51 33
Foo 63 93 95 48 44
Foo 53 5 13 72 28
Foo 14 76 79 85 46
Foo 69 22 35 46 58
Foo 81 92 17 58 100
Foo 9 39 66 35 44
Foo 21 41 82 65 44
Foo 5 29 23 37 31
Foo 52 19 34 25 84
Foo 80 54 46 39 99
Foo 9 17 12 19 27
Foo 89 56 76 90 29
Foo 91 17 24 75 82
Foo 82 84 12 44 93
Foo 75 77 22 34 59
Foo 59 87 20 69 59
Foo 45 100 18 70 57
Foo 81 44 28 47 45
Foo 43 80 34 16 92
Foo 67 14 78 15 33
Foo 96 55 39 14 93
Foo 38 74 16 56 99
Foo 87 97 20 18 87
Foo 39 23 81 92 9
Foo 55 27 29 91 80
Foo 28 30 5 22 39
Foo 94 78 4 23 54
Foo 34 60 69 47 48
Foo 56 22 78 61 45
Foo 92 57 27 30 77
Foo 6 80 54 17 84
Foo 80 56 80 27 88
Foo 89 31 83 46 61
Foo 89 89 87 51 91
Foo 28 78 78 77 18
Foo 97 36 26 70 77
Foo 100 84 61 55 14
Foo 51 39 40 22 34
Foo 99 99 14 45 82
Foo 57 87 95 91 28
Foo 33 100 1 10 18
Foo 93 4 87 67 73
Foo 70 3 100 45 31
Foo 10 87 10 9 89
Foo 47 30 98 10 50
Foo 33 68 73 41 18
Foo 95 63 8 97 16
Foo 53 78 20 54 94
Foo 24 83 7 10 51
Foo 58 5 52 45 45
Foo 18 9 62 60 53
Foo 38 67 38 54 7
Foo 71 52 89 90 91
Foo 51 35 12 92 6
Foo 55 29 100 21 77
Foo 99 30 61 86 24
Foo 22 77 94 9 95
Foo 92 16 45 66 25
Foo 46 85 73 51 27
Foo 24 48 68 84 100
Foo 95 42 59 48 59
Foo 68 11 64 69 31
Foo 75 71 86 32 74
Foo 29 28 66 36 64
Foo 3 13 49 65 33
Foo 30 37 15 58 79
Foo 82 64 41 75 26
Foo 47 66 51 7 86
Foo 48 31 85 54 36
Foo 23 41 100 60 63
Foo 88 11 7 71 15
Foo 41 80 81 18 33
Foo 61 89 10 58 6
Foo 53 90 75 71 52
Foo 9 84 76 46 95
Foo 51 38 13 42 91
Foo 43 96 5 27 46
Foo 13 12 50 77 18
Foo 79 81 53 25 65
Foo 21 58 35 1 75
Foo 62 52 91 72 87
Foo 64 48 13 73 2
Foo 2 19 11 53 23
Foo 34 9 94 6 49
Foo 19 49 36 59 35
Foo 50 17 30 99 4
Foo 47 86 23 54 33
Foo 86 77 35 77 69
Foo 55 57 40 32 100
Foo 43 25 53 57 72
Foo 26 28 64 20 48
Foo 95 18 91 83 91
Foo 71 61 59 31 15
Foo 57 40 24 96 87
Foo 31 65 35 77 100
Foo 82 61 100 79 20
Foo 68 85 76 49 25
Foo 78 96 60 15 7
Foo 52 54 95 9 62
Foo 94 5 22 82 23
Foo 72 40 49 98 37
Foo 51 27 41 86 13
Foo 18 84 74 51 99
Foo 90 71 34 100 19
Foo 28 90 27 90 90
Foo 19 11 19 37 40
Foo 84 2 74 58 97
Foo 90 72 39 61 24
Foo 94 76 28 77 11
Foo 39 58 37 30 6
Foo 13 2 42 37 16
Foo 12 44 81 29 69
Foo 17 88 53 20 11
Foo 32 20 19 5 48
Foo 71 14 18 77 78
Foo 41 75 21 38 66
Foo 36 1 11 30 12
Foo 53 39 38 22 100
Foo 29 43 25 74 52
Foo 2 8 61 55 46
Foo 94 31 91 44 86
Foo 19 30 81 83 21
Foo 61 43 38 8 23
Foo 33 75 34 84 19
Foo 72 82 1 71 9
Foo 91 91 60 61 44
Foo 2 79 47 30 50
Foo 64 94 58 80 51
Foo 7 37 30 45 90
Foo 94 68 3 35 1
Foo 55 93 17 78 78
Foo 33 36 69 17 48
Foo 63 16 28 66 100
Foo 47 97 33 52 50
Foo 82 56 86 67 36
Foo 70 6 15 45 46
Foo 54 60 58 50 32
Foo 99 40 60 31 8
Foo 42 77 71 75 85
Foo 61 63 75 58 26
Foo 40 15 96 58 42
Foo 26 80 82 21 41
Foo 27 9 49 4 100
Foo 82 55 12 75 13
Foo 52 38 25 91 82
Foo 39 39 18 21 98
Foo 94 73 98 73 49
Foo 53 56 56 66 8
Foo 16 10 89 84 100
Foo 66 53 37 79 71
Foo 10 79 21 85 25
Foo 95 17 1 95 55
Foo 94 18 71 82 4
Foo 11 73 15 44 4
Foo 9 48 96 63 81
Foo 9 99 98 38 33
Foo 91 80 100 5 56
Foo 89 23 16 42 29
Foo 100 46 6 64 23
Foo 31 88 16 81 26
Foo 15 41 49 13 95
Foo 22 41 41 38 29
Foo 40 74 49 81 60
Foo 28 18 73 81 50
Foo 78 12 40 10 37
Foo 15 15 15 95 86
Foo 63 41 93 78 9
Foo 55 77 54 62 72
Foo 13 83 57 17 34
Foo 60 23 23 24 16
Foo 80 65 67 65 76
Foo 80 21 73 6 20
Foo 24 66 50 7 79
Foo 6 44 80 91 51
Foo 91 29 100 11 47
Foo 13 80 23 4 60
Foo 30 49 75 15 75
Foo 66 71 55 50 24
Foo 52 50 44 56 32
Foo 9 9 38 62 16
Foo 83 6 21 33 68
Foo 90 37 76 12 34
Foo 8 30 71 95 37
Foo 15 9 62 93 28
Foo 9 35 30 49 8
Foo 7 98 94 70 97
Foo 70 74 23 51 43
Foo 79 58 84 62 26
Foo 35 51 40 23 21
Foo 32 73 4 11 17
Foo 74 49 46 9 88
Foo 48 3 53 92 81
Foo 40 20 54 28 58
Foo 64 54 95 73 16
Foo 56 62 46 93 27
Foo 38 72 6 25 61
Foo 72 88 81 38 69
Foo 85 10 98 99 41
Foo 66 35 6 48 96
Foo 46 15 64 44 4
Foo 47 67 34 33 39
Foo 65 86 66 58 68
Foo 39 38 55 90 6
Foo 95 38 84 88 41
Foo 33 83 6 82 6
Foo 87 40 22 79 87
Foo 45 13 40 12 32
Foo 33 29 43 85 58
Foo 4 69 9 73 30
Foo 44 99 49 11 91
Foo 60 45 81 14 87
Foo 29 55 21 68 87
Foo 92 1 83 84 9
Foo 81 49 100 19 65
Foo 88 52 9 45 85
Foo 34 74 24 86 1
Foo 6 29 74 69 81
Foo 19 56 71 14 43
Foo 59 96 25 72 76
Foo 72 13 68 98 61
Foo 76 9 79 14 8
Foo 35 68 66 24 18
Foo 45 90 77 60 22
Foo 52 71 1 35 65
Foo 4 4 79 84 74
Foo 60 21 64 53 10
Foo 57 26 12 80 88
Foo 7 31 50 21 5
Foo 66 7 28 33 82
Foo 19 77 57 40 32
Foo 65 31 11 49 48
Foo 48 83 79 97 100
Foo 47 56 6 87 1
Foo 22 57 53 70 9
Foo 12 34 44 26 36
Foo 43 94 73 2 42
Foo 84 100 2 97 17
Foo 39 15 42 69 23
Foo 73 76 32 36 98
Foo 66 7 97 67 1
Foo 58 34 21 13 97
Foo 55 87 34 47 86
Foo 89 22 43 95 5
Foo 84 52 75 79 77
Foo 25 59 16 87 99
Foo 9 23 57 34 34
Foo 53 71 52 36 77
Foo 23 18 24 62 93
Foo 82 18 89 94 72
Foo 20 73 62 53 8
Foo 97 71 8 32 50
Foo 75 88 51 71 53
Foo 52 11 37 3 94
Foo 67 83 87 86 87
Foo 59 94 70 52 57
Foo 83 70 98 48 25
Foo 2 50 19 50 16
Foo 75 42 36 26 94
Foo 50 65 95 37 58
Foo 51 82 100 55 96
Foo 11 66 26 23 6
Foo 65 82 45 96 90
Foo 50 32 74 83 57
Foo 90 61 41 21 23
Foo 40 42 88 58 78
Foo 55 65 48 53 7
Foo 74 79 39 5 55
Foo 83 87 88 59 37
Foo 17 82 62 66 73
Foo 46 21 10 72 83
Foo 78 51 27 65 31
Foo 88 61 93 9 35
Foo 68 31 71 17 88
Foo 93 98 30 94 62
Foo 9 50 5 23 45
Foo 83 96 56 29 93
Foo 21 15 22 62 89
Foo 78 62 33 41 87
Foo 8 10 74 15 58
Foo 95 5 8 35 5
Foo 55 62 94 10 93
Foo 81 93 41 72 7
Foo 7 47 4 49 37
Foo 94 98 32 63 80
Foo 64 53 98 66 23
Foo 60 20 88 22 51
Foo 15 56 78 42 24
Foo 64 25 11 63 50
Foo 24 87 43 95 53
Foo 7 67 54 80 30
Foo 87 25 59 29 40
Foo 13 32 22 50 90
Foo 16 16 96 94 49
Foo 71 13 96 72 88
Foo 31 53 8 91 55
Foo 27 92 61 29 22
Foo 64 77 65 61 43
Foo 55 23 10 89 99
Foo 78 56 39 13 22
Foo 45 70 14 72 87
Foo 73 22 65 77 64
Foo 98 34 15 45 65
Foo 39 27 41 35 87
Foo 65 100 63 88 32
Foo 3 1 77 4 33
Foo 82 93 2 47 18
Foo 96 87 34 55 32
Foo 28 84 93 44 40
Foo 40 50 47 45 50
